<!DOCTYPE HTML>
<html>
  <head>
    <meta charset="UTF-8">
    <title>TOMTOM</title>
    <script>
      // @JSON_VAR data
      var data = {
        "program": "Tomtom",
        "version": "5.1.1",
        "release": "Wed Jan 29 15:00:42 2020 -0800",
        "cmd": [
          "tomtom", "-thresh", "0.1", "-o", "all_tomtom",
          "All_MEME_motifs_ss_adult_exinonly_pool100_noprom_8u5d_2.txt",
          "/lustre/scratch117/cellgen/team218/jh47/maydev/resources/Mus_musculus.meme"
        ],
        "options": {
          "strands": "both",
          "distance_measure": "ed",
          "threshold_type": "qvalue",
          "threshold_value": 0.1,
          "background_source": "--query--"
        },
        "alphabet": {
          "name": "DNA",
          "like": "dna",
          "ncore": 4,
          "symbols": [
            {
              "symbol": "A",
              "name": "Adenine",
              "colour": "CC0000",
              "complement": "T"
            }, {
              "symbol": "C",
              "name": "Cytosine",
              "colour": "0000CC",
              "complement": "G"
            }, {
              "symbol": "G",
              "name": "Guanine",
              "colour": "FFB300",
              "complement": "C"
            }, {
              "symbol": "T",
              "aliases": "U",
              "name": "Thymine",
              "colour": "008000",
              "complement": "A"
            }, {
              "symbol": "N",
              "aliases": "X.",
              "name": "Any base",
              "equals": "ACGT"
            }, {
              "symbol": "V",
              "name": "Not T",
              "equals": "ACG"
            }, {
              "symbol": "H",
              "name": "Not G",
              "equals": "ACT"
            }, {
              "symbol": "D",
              "name": "Not C",
              "equals": "AGT"
            }, {
              "symbol": "B",
              "name": "Not A",
              "equals": "CGT"
            }, {
              "symbol": "M",
              "name": "Amino",
              "equals": "AC"
            }, {
              "symbol": "R",
              "name": "Purine",
              "equals": "AG"
            }, {
              "symbol": "W",
              "name": "Weak",
              "equals": "AT"
            }, {
              "symbol": "S",
              "name": "Strong",
              "equals": "CG"
            }, {
              "symbol": "Y",
              "name": "Pyrimidine",
              "equals": "CT"
            }, {
              "symbol": "K",
              "name": "Keto",
              "equals": "GT"
            }
          ]
        },
        "background": [0.25, 0.25, 0.25, 0.25],
        "query_dbs": [
          {
            "source": "All_MEME_motifs_ss_adult_exinonly_pool100_noprom_8u5d_2.txt",
            "name": "All_MEME_motifs_ss_adult_exinonly_pool100_noprom_8u5d_2.txt",
            "loaded": 1482,
            "excluded": 0,
            "last_modified": "Tue Jul 14 09:46:09 2020"
          }
        ],
        "target_dbs": [
          {
            "source": "/lustre/scratch117/cellgen/team218/jh47/maydev/resources/Mus_musculus.meme",
            "name": "Mus_musculus",
            "loaded": 718,
            "excluded": 0,
            "last_modified": "Tue May 26 15:20:05 2020"
          }
        ],
        "queries": [
          {
            "db": 0,
            "id": "10_100",
            "len": 12,
            "evalue": "1.0e+000",
            "pwm": [
              [0.296047, 0.297948, 0.230871, 0.175134], 
              [0.254343, 0.269603, 0.171965, 0.304089], 
              [0.301883, 0.245708, 0.329702, 0.122707], 
              [0.0435995, 0.899698, 0.0249737, 0.0317287], 
              [0.876887, 0.0526324, 0.0151008, 0.0553799], 
              [0.0566662, 0.306309, 0.482977, 0.154048], 
              [0.150425, 0.673499, 0.128509, 0.0475662], 
              [0.0233112, 0.0174196, 0.0189071, 0.940362], 
              [0.0318352, 0.032716, 0.897337, 0.0381118], 
              [0.125221, 0.269578, 0.266247, 0.338954], 
              [0.335673, 0.194477, 0.310373, 0.159477], 
              [0.233605, 0.206165, 0.31106, 0.249169]
            ]
          }, {
            "db": 0,
            "id": "10_103",
            "len": 12,
            "evalue": "1.0e+000",
            "pwm": [
              [0.738793, 0.144705, 0.0299444, 0.0865577], 
              [0.379173, 0.0336028, 0.50994, 0.0772833], 
              [0.25266, 0.361763, 0.244556, 0.141021], 
              [0.435356, 0.370745, 0.0940641, 0.0998352], 
              [0.470558, 0.0227901, 0.37178, 0.134871], 
              [0.438262, 0.185, 0.18155, 0.195188], 
              [0.101263, 0.0674538, 0.807754, 0.0235287], 
              [0.838642, 0.0941879, 0.0268201, 0.0403497], 
              [0.153433, 0.0754183, 0.577317, 0.193831], 
              [0.109175, 0.225314, 0.134868, 0.530642], 
              [0.0539048, 0.708139, 0.0538332, 0.184123], 
              [0.39679, 0.0446065, 0.0688369, 0.489767]
            ]
          }, {
            "db": 0,
            "id": "10_104",
            "len": 12,
            "evalue": "1.0e+000",
            "pwm": [
              [0.175766, 0.420976, 0.369983, 0.0332748], 
              [0.376577, 0.0362504, 0.340502, 0.24667], 
              [0.497544, 0.10591, 0.0931157, 0.303431], 
              [0.256554, 0.141408, 0.164427, 0.437611], 
              [0.0278543, 0.894965, 0.0333862, 0.0437944], 
              [0.0596035, 0.369125, 0.51387, 0.0574012], 
              [0.0978283, 0.250098, 0.0439255, 0.608148], 
              [0.469668, 0.212817, 0.291679, 0.0258356], 
              [0.491723, 0.0857749, 0.145708, 0.276794], 
              [0.0180097, 0.0289161, 0.93184, 0.0212345], 
              [0.190991, 0.586768, 0.0504667, 0.171774], 
              [0.0182916, 0.210753, 0.700859, 0.0700969]
            ]
          }, {
            "db": 0,
            "id": "10_108",
            "len": 12,
            "evalue": "1.0e+000",
            "pwm": [
              [0.205066, 0.204847, 0.256421, 0.333666], 
              [0.158896, 0.0655164, 0.71877, 0.0568176], 
              [0.38318, 0.217744, 0.0269638, 0.372112], 
              [0.015176, 0.125698, 0.713455, 0.145671], 
              [0.0130073, 0.0812254, 0.135946, 0.769822], 
              [0.0594509, 0.232699, 0.235955, 0.471894], 
              [0.190699, 0.0345814, 0.597214, 0.177505], 
              [0.016807, 0.0168434, 0.930808, 0.0355412], 
              [0.0775229, 0.574015, 0.0931226, 0.25534], 
              [0.265928, 0.0625733, 0.37538, 0.296119], 
              [0.779356, 0.148165, 0.0370963, 0.0353832], 
              [0.117084, 0.22384, 0.546961, 0.112115]
            ]
          }, {
            "db": 0,
            "id": "10_11",
            "len": 12,
            "evalue": "1.0e+000",
            "pwm": [
              [0.0693391, 0.637211, 0.244241, 0.0492096], 
              [0.268305, 0.0651795, 0.412263, 0.254252], 
              [0.128657, 0.452408, 0.317218, 0.101716], 
              [0.436838, 0.0539458, 0.419813, 0.0894036], 
              [0.27997, 0.0100028, 0.695591, 0.0144361], 
              [0.690978, 0.0594875, 0.044249, 0.205285], 
              [0.0683542, 0.0107207, 0.803607, 0.117318], 
              [0.288653, 0.590219, 0.0636561, 0.0574727], 
              [0.0623077, 0.216667, 0.00652296, 0.714502], 
              [0.0364233, 0.0428131, 0.719714, 0.201049], 
              [0.0943619, 0.427195, 0.0390977, 0.439346], 
              [0.214046, 0.134973, 0.240377, 0.410603]
            ]
          }, {
            "db": 0,
            "id": "10_111",
            "len": 12,
            "evalue": "1.0e+000",
            "pwm": [
              [0.0822274, 0.30731, 0.0353923, 0.57507], 
              [0.166074, 0.222057, 0.142976, 0.468893], 
              [0.157848, 0.0666275, 0.0393295, 0.736195], 
              [0.292706, 0.413281, 0.14894, 0.145072], 
              [0.380437, 0.0857533, 0.323668, 0.210141], 
              [0.0767092, 0.791681, 0.10133, 0.0302793], 
              [0.764033, 0.0397102, 0.0473851, 0.148871], 
              [0.0740368, 0.0567653, 0.530237, 0.338961], 
              [0.0466606, 0.781139, 0.0786985, 0.0935018], 
              [0.0787845, 0.809555, 0.0453405, 0.0663205], 
              [0.398292, 0.0606227, 0.0354184, 0.505667], 
              [0.229622, 0.162906, 0.350682, 0.256791]
            ]
          }, {
            "db": 0,
            "id": "10_112",
            "len": 12,
            "evalue": "1.0e+000",
            "pwm": [
              [0.777824, 0.0962285, 0.067412, 0.0585353], 
              [0.647192, 0.0346529, 0.242179, 0.0759768], 
              [0.556013, 0.0947463, 0.0791464, 0.270094], 
              [0.174202, 0.0814296, 0.0471702, 0.697199], 
              [0.0558089, 0.65955, 0.100002, 0.184639], 
              [0.0966454, 0.10845, 0.189043, 0.605861], 
              [0.0654834, 0.0979043, 0.740323, 0.0962892], 
              [0.174729, 0.317813, 0.0891918, 0.418267], 
              [0.0963253, 0.0436166, 0.60017, 0.259888], 
              [0.103477, 0.667456, 0.0462182, 0.182849], 
              [0.210624, 0.133393, 0.196784, 0.459198], 
              [0.084371, 0.135602, 0.367007, 0.413019]
            ]
          }, {
            "db": 0,
            "id": "10_114",
            "len": 12,
            "evalue": "1.0e+000",
            "pwm": [
              [0.509624, 0.0469927, 0.182891, 0.260493], 
              [0.2458, 0.2069, 0.398307, 0.148992], 
              [0.373785, 0.420113, 0.0543654, 0.151737], 
              [0.0335423, 0.113079, 0.463871, 0.389507], 
              [0.0109116, 0.0112697, 0.953186, 0.0246325], 
              [0.312428, 0.377078, 0.227619, 0.0828756], 
              [0.288917, 0.0574376, 0.358154, 0.295492], 
              [0.0330052, 0.09393, 0.506287, 0.366778], 
              [0.0281084, 0.12033, 0.105352, 0.74621], 
              [0.0713527, 0.108599, 0.352451, 0.467597], 
              [0.00935745, 0.258352, 0.0261943, 0.706097], 
              [0.0273351, 0.039319, 0.128036, 0.80531]
            ]
          }, {
            "db": 0,
            "id": "10_115",
            "len": 12,
            "evalue": "1.0e+000",
            "pwm": [
              [0.331193, 0.431518, 0.123456, 0.113833], 
              [0.451293, 0.039426, 0.431631, 0.07765], 
              [0.0321547, 0.930977, 0.00538958, 0.0314787], 
              [0.869222, 0.0239466, 0.0786118, 0.0282196], 
              [0.0793525, 0.247104, 0.454607, 0.218937], 
              [0.105183, 0.533291, 0.0725256, 0.289], 
              [0.376414, 0.397271, 0.0652397, 0.161075], 
              [0.206879, 0.519615, 0.134429, 0.139077], 
              [0.328843, 0.591203, 0.0262312, 0.0537224], 
              [0.0569794, 0.349009, 0.488685, 0.105327], 
              [0.794099, 0.063846, 0.0752213, 0.0668338], 
              [0.28452, 0.252239, 0.395904, 0.0673366]
            ]
          }, {
            "db": 0,
            "id": "10_117",
            "len": 12,
            "evalue": "1.0e+000",
            "pwm": [
              [0.116884, 0.700959, 0.130151, 0.0520065], 
              [0.0645946, 0.341361, 0.111157, 0.482888], 
              [0.603416, 0.0851648, 0.148894, 0.162525], 
              [0.0192946, 0.0189665, 0.718637, 0.243102], 
              [0.127777, 0.308594, 0.3939, 0.169728], 
              [0.124784, 0.534949, 0.102806, 0.237462], 
              [0.050503, 0.156165, 0.462582, 0.33075], 
              [0.028124, 0.100582, 0.800526, 0.070768], 
              [0.613043, 0.208782, 0.0263244, 0.151851], 
              [0.0190485, 0.0265568, 0.895235, 0.0591593], 
              [0.200987, 0.734491, 0.0378465, 0.0266752], 
              [0.0333042, 0.584595, 0.273605, 0.108496]
            ]
          }, {
            "db": 0,
            "id": "10_118",
            "len": 12,
            "evalue": "1.0e+000",
            "pwm": [
              [0.0353582, 0.87495, 0.0406943, 0.0489973], 
              [0.426008, 0.0176976, 0.0544967, 0.501798], 
              [0.156112, 0.481591, 0.261317, 0.10098], 
              [0.127018, 0.792977, 0.0187577, 0.0612471], 
              [0.0636494, 0.764448, 0.0184477, 0.153455], 
              [0.341934, 0.0274703, 0.393601, 0.236995], 
              [0.041198, 0.833297, 0.0420947, 0.0834106], 
              [0.146707, 0.788543, 0.0377052, 0.0270441], 
              [0.136802, 0.104453, 0.258812, 0.499932], 
              [0.217225, 0.553387, 0.119404, 0.109983], 
              [0.343703, 0.393133, 0.20378, 0.0593844], 
              [0.263888, 0.144557, 0.237197, 0.354358]
            ]
          }, {
            "db": 0,
            "id": "10_119",
            "len": 12,
            "evalue": "1.0e+000",
            "pwm": [
              [0.0857817, 0.0239071, 0.493804, 0.396508], 
              [0.176714, 0.131565, 0.549172, 0.14255], 
              [0.529794, 0.433091, 0.00542531, 0.0316888], 
              [0.0144349, 0.0163091, 0.94303, 0.0262262], 
              [0.0381598, 0.04988, 0.266655, 0.645305], 
              [0.0347672, 0.614083, 0.318138, 0.0330115], 
              [0.824595, 0.0360483, 0.127674, 0.0116828], 
              [0.027015, 0.26239, 0.618478, 0.0921163], 
              [0.153475, 0.726836, 0.0124776, 0.107211], 
              [0.15048, 0.220848, 0.442771, 0.185901], 
              [0.450529, 0.232971, 0.0191858, 0.297314], 
              [0.258363, 0.359052, 0.32363, 0.0589547]
            ]
          }, {
            "db": 0,
            "id": "10_120",
            "len": 12,
            "evalue": "1.0e+000",
            "pwm": [
              [0.283568, 0.413793, 0.0663827, 0.236257], 
              [0.0371941, 0.0482693, 0.333791, 0.580745], 
              [0.0503278, 0.551608, 0.20418, 0.193884], 
              [0.0522198, 0.539502, 0.0336459, 0.374632], 
              [0.0469147, 0.035959, 0.0159897, 0.901137], 
              [0.0793734, 0.415149, 0.0927554, 0.412722], 
              [0.0573111, 0.293045, 0.374751, 0.274892], 
              [0.0207275, 0.847274, 0.0147059, 0.117293], 
              [0.273049, 0.319669, 0.0624825, 0.344799], 
              [0.264605, 0.119383, 0.333425, 0.282588], 
              [0.713883, 0.195606, 0.0596116, 0.0308991], 
              [0.658133, 0.0583576, 0.198004, 0.085505]
            ]
          }, {
            "db": 0,
            "id": "10_121",
            "len": 12,
            "evalue": "1.0e+000",
            "pwm": [
              [0.28361, 0.0864181, 0.0559557, 0.574016], 
              [0.415954, 0.0392265, 0.454999, 0.0898196], 
              [0.835707, 0.0888845, 0.0196919, 0.0557166], 
              [0.553854, 0.082773, 0.291676, 0.0716968], 
              [0.06682, 0.117153, 0.413412, 0.402615], 
              [0.0846356, 0.842583, 0.0345872, 0.0381945], 
              [0.706559, 0.109919, 0.0699658, 0.113556], 
              [0.0764692, 0.127486, 0.416585, 0.379459], 
              [0.25995, 0.356519, 0.213418, 0.170113], 
              [0.0467649, 0.683704, 0.0146441, 0.254887], 
              [0.191974, 0.0337852, 0.133573, 0.640667], 
              [0.0335174, 0.384298, 0.383342, 0.198842]
            ]
          }, {
            "db": 0,
            "id": "10_124",
            "len": 12,
            "evalue": "1.0e+000",
            "pwm": [
              [0.564328, 0.0844297, 0.323316, 0.0279262], 
              [0.31477, 0.0602677, 0.291371, 0.333592], 
              [0.288196, 0.231113, 0.0679282, 0.412763], 
              [0.0960906, 0.0734158, 0.0512722, 0.779221], 
              [0.12449, 0.175836, 0.240229, 0.459445], 
              [0.701835, 0.142556, 0.0217747, 0.133835], 
              [0.0443432, 0.087491, 0.754243, 0.113922], 
              [0.134994, 0.02444, 0.10694, 0.733626], 
              [0.0692705, 0.764608, 0.0625202, 0.103601], 
              [0.836386, 0.0310551, 0.109364, 0.0231943], 
              [0.0258162, 0.609412, 0.0870226, 0.27775], 
              [0.248938, 0.257523, 0.141947, 0.351592]
            ]
          }, {
            "db": 0,
            "id": "10_126",
            "len": 12,
            "evalue": "1.0e+000",
            "pwm": [
              [0.193373, 0.454898, 0.195913, 0.155816], 
              [0.0636299, 0.167064, 0.332667, 0.436639], 
              [0.215197, 0.406376, 0.265347, 0.11308], 
              [0.351863, 0.025869, 0.182569, 0.439699], 
              [0.186719, 0.0214132, 0.755877, 0.0359908], 
              [0.0940417, 0.0707101, 0.218786, 0.616462], 
              [0.123243, 0.00775364, 0.812694, 0.0563086], 
              [0.0126685, 0.0267454, 0.927183, 0.0334036], 
              [0.0597768, 0.0147642, 0.885879, 0.0395796], 
              [0.300915, 0.309613, 0.0104383, 0.379033], 
              [0.0136932, 0.00864851, 0.950166, 0.0274919], 
              [0.288025, 0.0370712, 0.456948, 0.217956]
            ]
          }, {
            "db": 0,
            "id": "10_127",
            "len": 12,
            "evalue": "1.0e+000",
            "pwm": [
              [0.423658, 0.146369, 0.207385, 0.222588], 
              [0.281663, 0.17884, 0.481684, 0.0578134], 
              [0.338758, 0.0926281, 0.444328, 0.124285], 
              [0.533762, 0.213156, 0.236145, 0.0169369], 
              [0.917313, 0.0103202, 0.0661741, 0.00619227], 
              [0.114332, 0.728465, 0.0967506, 0.0604521], 
              [0.916992, 0.0227583, 0.04822, 0.01203], 
              [0.0117299, 0.0469296, 0.845353, 0.0959879], 
              [0.596016, 0.0565338, 0.147182, 0.200268], 
              [0.251321, 0.372752, 0.04141, 0.334516], 
              [0.130345, 0.0884802, 0.401446, 0.379729], 
              [0.054815, 0.119149, 0.517037, 0.308999]
            ]
          }, {
            "db": 0,
            "id": "10_13",
            "len": 12,
            "evalue": "1.0e+000",
            "pwm": [
              [0.0259549, 0.188391, 0.0509843, 0.73467], 
              [0.52132, 0.192926, 0.234379, 0.0513747], 
              [0.494822, 0.185733, 0.214526, 0.104919], 
              [0.201598, 0.772777, 0.0180083, 0.00761732], 
              [0.780112, 0.0244051, 0.123816, 0.0716664], 
              [0.0164027, 0.815988, 0.118045, 0.0495646], 
              [0.318847, 0.501377, 0.0427427, 0.137033], 
              [0.0303278, 0.22179, 0.186555, 0.561328], 
              [0.174238, 0.437423, 0.168364, 0.219975], 
              [0.0524621, 0.673049, 0.213104, 0.0613846], 
              [0.234567, 0.0619632, 0.0388391, 0.664631], 
              [0.100381, 0.281721, 0.560289, 0.0576088]
            ]
          }, {
            "db": 0,
            "id": "10_130",
            "len": 12,
            "evalue": "1.0e+000",
            "pwm": [
              [0.230227, 0.418988, 0.133458, 0.217327], 
              [0.274116, 0.320046, 0.172743, 0.233095], 
              [0.217063, 0.199126, 0.265277, 0.318534], 
              [0.0407904, 0.614086, 0.0218972, 0.323226], 
              [0.201333, 0.119937, 0.352277, 0.326453], 
              [0.0544442, 0.775097, 0.0938081, 0.0766507], 
              [0.0796671, 0.456569, 0.113702, 0.350062], 
              [0.610986, 0.0438723, 0.0492382, 0.295904], 
              [0.0241127, 0.0153178, 0.0482987, 0.912271], 
              [0.037669, 0.327877, 0.0324615, 0.601993], 
              [0.0181697, 0.0758726, 0.0439028, 0.862055], 
              [0.144152, 0.183571, 0.303581, 0.368696]
            ]
          }, {
            "db": 0,
            "id": "10_132",
            "len": 12,
            "evalue": "1.0e+000",
            "pwm": [
              [0.136671, 0.0969924, 0.739292, 0.0270444], 
              [0.502729, 0.197979, 0.289854, 0.00943824], 
              [0.685733, 0.192114, 0.0194855, 0.102667], 
              [0.279617, 0.0784782, 0.484989, 0.156916], 
              [0.274555, 0.25938, 0.41049, 0.0555746], 
              [0.282148, 0.475807, 0.0863662, 0.155679], 
              [0.177232, 0.0111293, 0.318285, 0.493354], 
              [0.0230124, 0.0177802, 0.95053, 0.00867781], 
              [0.0210716, 0.124558, 0.673927, 0.180444], 
              [0.587224, 0.0971796, 0.21054, 0.105056], 
              [0.137426, 0.0159615, 0.63159, 0.215023], 
              [0.0143385, 0.027436, 0.948972, 0.00925381]
            ]
          }, {
            "db": 0,
            "id": "10_133",
            "len": 12,
            "evalue": "1.0e+000",
            "pwm": [
              [0.225804, 0.109765, 0.605469, 0.0589619], 
              [0.058957, 0.206669, 0.676768, 0.0576064], 
              [0.969138, 0.0123841, 0.00983722, 0.00864094], 
              [0.429034, 0.0560459, 0.358049, 0.156871], 
              [0.512755, 0.259558, 0.157604, 0.0700829], 
              [0.18961, 0.0276295, 0.771358, 0.0114025], 
              [0.265342, 0.442488, 0.0692581, 0.222912], 
              [0.0267515, 0.0464998, 0.683625, 0.243124], 
              [0.566597, 0.143596, 0.259983, 0.0298243], 
              [0.42182, 0.134289, 0.125133, 0.318757], 
              [0.0757122, 0.0182425, 0.609629, 0.296416], 
              [0.237801, 0.348302, 0.17736, 0.236537]
            ]
          }, {
            "db": 0,
            "id": "10_134",
            "len": 12,
            "evalue": "1.0e+000",
            "pwm": [
              [0.203111, 0.577163, 0.0973888, 0.122337], 
              [0.364171, 0.180064, 0.0979639, 0.357801], 
              [0.201961, 0.321572, 0.153479, 0.322988], 
              [0.18524, 0.559911, 0.0504996, 0.204349], 
              [0.12696, 0.0419401, 0.73944, 0.0916604], 
              [0.0389321, 0.919919, 0.0313237, 0.0098254], 
              [0.0273425, 0.0467175, 0.888689, 0.0372512], 
              [0.139877, 0.49535, 0.169426, 0.195348], 
              [0.103958, 0.826229, 0.0345971, 0.0352164], 
              [0.269685, 0.0418737, 0.410175, 0.278266], 
              [0.0531095, 0.746628, 0.118931, 0.0813315], 
              [0.0848482, 0.126429, 0.571611, 0.217111]
            ]
          }, {
            "db": 0,
            "id": "10_137",
            "len": 12,
            "evalue": "1.0e+000",
            "pwm": [
              [0.599969, 0.183122, 0.0682451, 0.148663], 
              [0.864979, 0.0533385, 0.0462729, 0.0354096], 
              [0.581704, 0.0749565, 0.132124, 0.211215], 
              [0.224857, 0.67649, 0.0426984, 0.0559546], 
              [0.287514, 0.0674444, 0.289532, 0.355509], 
              [0.0205373, 0.911536, 0.024579, 0.0433473], 
              [0.30809, 0.0995626, 0.148855, 0.443492], 
              [0.102319, 0.393723, 0.0825444, 0.421414], 
              [0.151196, 0.388349, 0.167512, 0.292943], 
              [0.201332, 0.119956, 0.271066, 0.407646], 
              [0.161357, 0.611907, 0.0996355, 0.1271], 
              [0.237943, 0.0829879, 0.220318, 0.458751]
            ]
          }, {
            "db": 0,
            "id": "10_140",
            "len": 12,
            "evalue": "1.0e+000",
            "pwm": [
              [0.233447, 0.14802, 0.362374, 0.256159], 
              [0.424266, 0.315406, 0.208715, 0.0516136], 
              [0.271332, 0.0592546, 0.584399, 0.0850148], 
              [0.245665, 0.1164, 0.552111, 0.0858237], 
              [0.814291, 0.0205075, 0.111051, 0.0541502], 
              [0.66299, 0.0404235, 0.25662, 0.0399657], 
              [0.340128, 0.16804, 0.424407, 0.0674253], 
              [0.771868, 0.0783161, 0.100239, 0.0495772], 
              [0.14246, 0.0897665, 0.0556034, 0.71217], 
              [0.0841996, 0.0682155, 0.630163, 0.217422], 
              [0.0594584, 0.133886, 0.0862846, 0.720371], 
              [0.0850399, 0.127587, 0.620331, 0.167043]
            ]
          }, {
            "db": 0,
            "id": "10_144",
            "len": 12,
            "evalue": "1.0e+000",
            "pwm": [
              [0.352356, 0.0295709, 0.398357, 0.219716], 
              [0.246341, 0.073825, 0.248924, 0.43091], 
              [0.154428, 0.476196, 0.314579, 0.0547968], 
              [0.0157033, 0.441368, 0.0167794, 0.526149], 
              [0.0479877, 0.0836962, 0.818978, 0.0493378], 
              [0.0246646, 0.0184034, 0.576102, 0.38083], 
              [0.155641, 0.025643, 0.807493, 0.0112226], 
              [0.118837, 0.018286, 0.835668, 0.0272083], 
              [0.0396818, 0.0151848, 0.933784, 0.0113498], 
              [0.251761, 0.372133, 0.0262593, 0.349847], 
              [0.079646, 0.0425874, 0.64838, 0.229387], 
              [0.137469, 0.125123, 0.359919, 0.377489]
            ]
          }, {
            "db": 0,
            "id": "10_15",
            "len": 12,
            "evalue": "1.0e+000",
            "pwm": [
              [0.369301, 0.268348, 0.0246925, 0.337659], 
              [0.145859, 0.542667, 0.112266, 0.199208], 
              [0.319383, 0.338147, 0.125357, 0.217114], 
              [0.222611, 0.0431826, 0.566889, 0.167317], 
              [0.0621561, 0.851708, 0.0235332, 0.0626027], 
              [0.248145, 0.242559, 0.0116291, 0.497667], 
              [0.0502367, 0.751047, 0.131227, 0.0674895], 
              [0.790891, 0.146653, 0.039466, 0.0229902], 
              [0.0515322, 0.252362, 0.657006, 0.0391004], 
              [0.508794, 0.163103, 0.0523979, 0.275705], 
              [0.215066, 0.259611, 0.402124, 0.123198], 
              [0.04416, 0.168343, 0.0608254, 0.726671]
            ]
          }, {
            "db": 0,
            "id": "10_150",
            "len": 12,
            "evalue": "1.0e+000",
            "pwm": [
              [0.285511, 0.29104, 0.19814, 0.225309], 
              [0.231814, 0.0688238, 0.471798, 0.227564], 
              [0.210162, 0.15294, 0.47558, 0.161319], 
              [0.167905, 0.308196, 0.124338, 0.399561], 
              [0.335732, 0.0236769, 0.409938, 0.230653], 
              [0.251455, 0.442698, 0.140855, 0.164992], 
              [0.0588562, 0.0052721, 0.00753622, 0.928335], 
              [0.045178, 0.025575, 0.56359, 0.365657], 
              [0.100323, 0.74937, 0.0335091, 0.116798], 
              [0.352572, 0.363719, 0.0164056, 0.267303], 
              [0.0823198, 0.0111775, 0.882134, 0.0243687], 
              [0.0419721, 0.261514, 0.224411, 0.472103]
            ]
          }, {
            "db": 0,
            "id": "10_152",
            "len": 12,
            "evalue": "1.0e+000",
            "pwm": [
              [0.148665, 0.240165, 0.485817, 0.125353], 
              [0.156471, 0.379976, 0.404902, 0.0586499], 
              [0.203325, 0.517524, 0.114358, 0.164793], 
              [0.167578, 0.0201064, 0.457366, 0.354949], 
              [0.0566325, 0.558269, 0.354624, 0.0304736], 
              [0.0494035, 0.84094, 0.0459739, 0.0636822], 
              [0.0225385, 0.423933, 0.121548, 0.43198], 
              [0.515882, 0.333262, 0.0844726, 0.0663833], 
              [0.0220454, 0.955091, 0.0154552, 0.00740805], 
              [0.248694, 0.254903, 0.442768, 0.0536345], 
              [0.0304736, 0.0167329, 0.226004, 0.726789], 
              [0.086462, 0.817454, 0.0506196, 0.045464]
            ]
          }, {
            "db": 0,
            "id": "10_156",
            "len": 12,
            "evalue": "1.0e+000",
            "pwm": [
              [0.402907, 0.102764, 0.427735, 0.0665939], 
              [0.541212, 0.0442862, 0.198494, 0.216008], 
              [0.536422, 0.074872, 0.175798, 0.212908], 
              [0.135739, 0.109379, 0.382261, 0.372621], 
              [0.127051, 0.706179, 0.0458151, 0.120955], 
              [0.0890497, 0.0262988, 0.0191807, 0.865471], 
              [0.0761061, 0.0683828, 0.547013, 0.308498], 
              [0.03008, 0.345008, 0.466468, 0.158444], 
              [0.0744054, 0.472032, 0.361006, 0.0925567], 
              [0.880065, 0.0310131, 0.0224828, 0.0664394], 
              [0.59836, 0.0460972, 0.20642, 0.149123], 
              [0.110822, 0.179764, 0.663816, 0.0455991]
            ]
          }, {
            "db": 0,
            "id": "10_157",
            "len": 12,
            "evalue": "1.0e+000",
            "pwm": [
              [0.0133621, 0.881535, 0.0372974, 0.0678051], 
              [0.614276, 0.130924, 0.0742321, 0.180568], 
              [0.0432409, 0.0415102, 0.237274, 0.677975], 
              [0.736724, 0.0750554, 0.0902042, 0.0980168], 
              [0.163024, 0.132433, 0.0417082, 0.662835], 
              [0.0986456, 0.0482385, 0.747919, 0.105197], 
              [0.0872315, 0.228587, 0.483692, 0.20049], 
              [0.24043, 0.342996, 0.0843535, 0.33222], 
              [0.292071, 0.074621, 0.331701, 0.301607], 
              [0.132028, 0.41668, 0.327154, 0.124138], 
              [0.124921, 0.0924166, 0.549388, 0.233275], 
              [0.108937, 0.26872, 0.161376, 0.460967]
            ]
          }, {
            "db": 0,
            "id": "10_158",
            "len": 12,
            "evalue": "1.0e+000",
            "pwm": [
              [0.117431, 0.29112, 0.211758, 0.379692], 
              [0.366, 0.214448, 0.334564, 0.0849874], 
              [0.689668, 0.151193, 0.0315613, 0.127578], 
              [0.0952892, 0.0829621, 0.711022, 0.110727], 
              [0.144861, 0.0897455, 0.450745, 0.314649], 
              [0.034557, 0.755262, 0.120955, 0.0892261], 
              [0.365564, 0.0234824, 0.0105561, 0.600398], 
              [0.086992, 0.153421, 0.548775, 0.210812], 
              [0.112271, 0.815989, 0.0441721, 0.027568], 
              [0.0888293, 0.804569, 0.0595475, 0.0470547], 
              [0.45935, 0.222814, 0.0737024, 0.244134], 
              [0.282021, 0.0834354, 0.576457, 0.0580863]
            ]
          }, {
            "db": 0,
            "id": "10_159",
            "len": 12,
            "evalue": "1.0e+000",
            "pwm": [
              [0.04356, 0.565345, 0.136334, 0.254762], 
              [0.120034, 0.104965, 0.420807, 0.354193], 
              [0.0127478, 0.00657861, 0.964858, 0.0158155], 
              [0.0307749, 0.0422705, 0.0268981, 0.900056], 
              [0.0779372, 0.0857245, 0.010211, 0.826127], 
              [0.21639, 0.0928376, 0.440098, 0.250674], 
              [0.0314829, 0.808766, 0.0408209, 0.11893], 
              [0.0418744, 0.606877, 0.0495269, 0.301722], 
              [0.625823, 0.051145, 0.0281202, 0.294912], 
              [0.356579, 0.0505804, 0.0597836, 0.533058], 
              [0.318021, 0.0176528, 0.614243, 0.0500831], 
              [0.112955, 0.179063, 0.656247, 0.051735]
            ]
          }, {
            "db": 0,
            "id": "10_163",
            "len": 12,
            "evalue": "1.0e+000",
            "pwm": [
              [0.137943, 0.110196, 0.0236778, 0.728183], 
              [0.133508, 0.141216, 0.28121, 0.444066], 
              [0.0169787, 0.0801084, 0.852453, 0.0504597], 
              [0.152907, 0.114994, 0.287591, 0.444509], 
              [0.0906142, 0.0538129, 0.813023, 0.0425502], 
              [0.057572, 0.128673, 0.694662, 0.119093], 
              [0.0403561, 0.0194543, 0.915894, 0.0242958], 
              [0.29787, 0.291976, 0.225701, 0.184453], 
              [0.425048, 0.0315544, 0.50589, 0.0375076], 
              [0.101599, 0.0996536, 0.72235, 0.0763968], 
              [0.519281, 0.128348, 0.274573, 0.0777974], 
              [0.620478, 0.207267, 0.0577219, 0.114533]
            ]
          }, {
            "db": 0,
            "id": "10_164",
            "len": 12,
            "evalue": "1.0e+000",
            "pwm": [
              [0.258344, 0.205237, 0.170697, 0.365722], 
              [0.354644, 0.416751, 0.142076, 0.0865301], 
              [0.634855, 0.100337, 0.0884894, 0.176319], 
              [0.0265446, 0.139458, 0.797724, 0.036273], 
              [0.0732047, 0.184797, 0.676164, 0.0658343], 
              [0.290717, 0.0545794, 0.628592, 0.0261117], 
              [0.805163, 0.0175566, 0.101558, 0.0757223], 
              [0.0129886, 0.0203703, 0.944357, 0.0222841], 
              [0.116624, 0.389431, 0.266504, 0.227442], 
              [0.0148027, 0.178238, 0.727247, 0.0797122], 
              [0.578341, 0.0314971, 0.146575, 0.243587], 
              [0.202816, 0.139888, 0.533447, 0.123849]
            ]
          }, {
            "db": 0,
            "id": "10_167",
            "len": 12,
            "evalue": "1.0e+000",
            "pwm": [
              [0.26404, 0.543262, 0.0540209, 0.138677], 
              [0.157735, 0.188063, 0.0389053, 0.615297], 
              [0.261325, 0.0200539, 0.0662071, 0.652414], 
              [0.0270051, 0.877408, 0.0136609, 0.0819259], 
              [0.151945, 0.696672, 0.0892769, 0.062106], 
              [0.088243, 0.871029, 0.0138849, 0.0268431], 
              [0.457028, 0.152772, 0.177213, 0.212986], 
              [0.0753123, 0.781976, 0.119398, 0.0233141], 
              [0.691385, 0.283933, 0.00927373, 0.0154082], 
              [0.105247, 0.479684, 0.313764, 0.101305], 
              [0.0682474, 0.365363, 0.336482, 0.229908], 
              [0.100536, 0.622145, 0.262458, 0.0148602]
            ]
          }, {
            "db": 0,
            "id": "10_168",
            "len": 12,
            "evalue": "1.0e+000",
            "pwm": [
              [0.234885, 0.204814, 0.281165, 0.279136], 
              [0.27513, 0.307688, 0.19548, 0.221702], 
              [0.331237, 0.190243, 0.226244, 0.252276], 
              [0.435691, 0.130061, 0.297952, 0.136296], 
              [0.156007, 0.427398, 0.394188, 0.0224068], 
              [0.12026, 0.688255, 0.105493, 0.0859918], 
              [0.859372, 0.0101189, 0.0177381, 0.112771], 
              [0.0304881, 0.0532152, 0.168627, 0.74767], 
              [0.800026, 0.141753, 0.0107188, 0.0475026], 
              [0.0142221, 0.0620831, 0.0292648, 0.89443], 
              [0.093814, 0.042524, 0.71149, 0.152172], 
              [0.091206, 0.318013, 0.325487, 0.265295]
            ]
          }, {
            "db": 0,
            "id": "10_169",
            "len": 12,
            "evalue": "1.0e+000",
            "pwm": [
              [0.209084, 0.386, 0.233572, 0.171345], 
              [0.0216776, 0.0555191, 0.733607, 0.189197], 
              [0.502594, 0.358632, 0.0749732, 0.0638009], 
              [0.314343, 0.0967223, 0.331925, 0.25701], 
              [0.0393724, 0.0156422, 0.923476, 0.0215098], 
              [0.403749, 0.157526, 0.0843213, 0.354404], 
              [0.0342193, 0.0234584, 0.615957, 0.326365], 
              [0.0215531, 0.336455, 0.624942, 0.0170495], 
              [0.0287901, 0.170717, 0.726992, 0.0735009], 
              [0.06687, 0.530368, 0.0138884, 0.388874], 
              [0.0971607, 0.17017, 0.611237, 0.121432], 
              [0.0817935, 0.0841968, 0.79435, 0.0396593]
            ]
          }, {
            "db": 0,
            "id": "10_170",
            "len": 12,
            "evalue": "1.0e+000",
            "pwm": [
              [0.0733916, 0.202352, 0.231702, 0.492554], 
              [0.0378617, 0.449466, 0.0148667, 0.497806], 
              [0.20648, 0.220233, 0.0939856, 0.479301], 
              [0.072902, 0.554594, 0.149736, 0.222769], 
              [0.0148377, 0.848288, 0.0421271, 0.0947472], 
              [0.322884, 0.249503, 0.0958208, 0.331792], 
              [0.312845, 0.0370203, 0.022788, 0.627347], 
              [0.381482, 0.0610599, 0.442183, 0.115276], 
              [0.0624817, 0.0226139, 0.904898, 0.0100066], 
              [0.0810083, 0.864334, 0.0277062, 0.0269518], 
              [0.819152, 0.0204631, 0.0871415, 0.0732429], 
              [0.62825, 0.0511981, 0.24765, 0.072902]
            ]
          }, {
            "db": 0,
            "id": "10_171",
            "len": 12,
            "evalue": "1.0e+000",
            "pwm": [
              [0.610075, 0.192578, 0.0864881, 0.110859], 
              [0.717322, 0.110558, 0.10631, 0.0658097], 
              [0.538183, 0.292085, 0.10954, 0.060192], 
              [0.422706, 0.114747, 0.104494, 0.358052], 
              [0.764523, 0.110564, 0.0825218, 0.0423916], 
              [0.0593067, 0.057236, 0.754796, 0.128661], 
              [0.0520977, 0.901537, 0.0269325, 0.0194324], 
              [0.18675, 0.101984, 0.0413063, 0.669959], 
              [0.0649979, 0.418293, 0.380269, 0.13644], 
              [0.25584, 0.226675, 0.299841, 0.217645], 
              [0.0846336, 0.197383, 0.536872, 0.181112], 
              [0.343314, 0.255277, 0.260971, 0.140439]
            ]
          }, {
            "db": 0,
            "id": "10_172",
            "len": 12,
            "evalue": "1.0e+000",
            "pwm": [
              [0.287992, 0.158887, 0.481667, 0.0714546], 
              [0.0203757, 0.0116127, 0.863531, 0.10448], 
              [0.23394, 0.707272, 0.010748, 0.04804], 
              [0.520894, 0.0101385, 0.222327, 0.24664], 
              [0.30294, 0.66489, 0.0138611, 0.0183085], 
              [0.182301, 0.704488, 0.0793528, 0.0338578], 
              [0.320235, 0.0107974, 0.56349, 0.105477], 
              [0.0307941, 0.772681, 0.174889, 0.0216358], 
              [0.0289492, 0.608787, 0.226248, 0.136016], 
              [0.0173696, 0.401458, 0.174148, 0.407025], 
              [0.10565, 0.687695, 0.0913195, 0.115335], 
              [0.0157389, 0.588264, 0.213762, 0.182235]
            ]
          }, {
            "db": 0,
            "id": "10_174",
            "len": 12,
            "evalue": "1.0e+000",
            "pwm": [
              [0.284788, 0.0623368, 0.103316, 0.54956], 
              [0.32429, 0.0461509, 0.618857, 0.0107012], 
              [0.48721, 0.117967, 0.0836272, 0.311196], 
              [0.0327208, 0.00416064, 0.956954, 0.00616486], 
              [0.0145575, 0.00493012, 0.41372, 0.566792], 
              [0.258804, 0.038304, 0.682304, 0.0205881], 
              [0.0148439, 0.00680908, 0.970196, 0.00815119], 
              [0.0687073, 0.00462591, 0.878467, 0.0481999], 
              [0.434174, 0.130301, 0.0104775, 0.425047], 
              [0.231658, 0.043404, 0.578317, 0.146621], 
              [0.0912504, 0.127613, 0.484633, 0.296504], 
              [0.319678, 0.156638, 0.375868, 0.147816]
            ]
          }, {
            "db": 0,
            "id": "10_176",
            "len": 12,
            "evalue": "1.0e+000",
            "pwm": [
              [0.127594, 0.110054, 0.373486, 0.388867], 
              [0.185616, 0.0712383, 0.347534, 0.395611], 
              [0.244469, 0.07594, 0.351265, 0.328326], 
              [0.139574, 0.638271, 0.0447413, 0.177413], 
              [0.0734425, 0.0336776, 0.168827, 0.724053], 
              [0.722118, 0.0430925, 0.181202, 0.0535872], 
              [0.330052, 0.0433003, 0.0573062, 0.569341], 
              [0.174007, 0.0797949, 0.0430284, 0.70317], 
              [0.0675931, 0.343913, 0.022274, 0.56622], 
              [0.114685, 0.204865, 0.0270766, 0.653373], 
              [0.366471, 0.213261, 0.275041, 0.145228], 
              [0.119589, 0.0149526, 0.808954, 0.0565042]
            ]
          }, {
            "db": 0,
            "id": "10_179",
            "len": 12,
            "evalue": "1.0e+000",
            "pwm": [
              [0.308219, 0.114024, 0.395587, 0.182171], 
              [0.195454, 0.139636, 0.405756, 0.259155], 
              [0.265914, 0.332557, 0.32184, 0.0796882], 
              [0.283359, 0.189591, 0.115581, 0.411469], 
              [0.0156977, 0.0104574, 0.968649, 0.00519553], 
              [0.0213676, 0.0353061, 0.0133568, 0.929969], 
              [0.373245, 0.0087607, 0.596841, 0.0211529], 
              [0.00427202, 0.00798753, 0.968606, 0.019134], 
              [0.00588279, 0.00897547, 0.970668, 0.0144736], 
              [0.483191, 0.299477, 0.00346127, 0.21387], 
              [0.210015, 0.0280845, 0.523192, 0.238709], 
              [0.113246, 0.11679, 0.643102, 0.126862]
            ]
          }, {
            "db": 0,
